1848,2900,3050,450,1500,450,1550,400,1600,400,1550,400,1600,450,1500,450,2550,450,1500,450,1550,450,1550,450,1500,450,1550,450,1550,450,1500,450,1550,400,2550,500,4000,450,
4608,2950,3000,450,1550,450,1500,450,1550,450,1550,450,1500,450,1500,500,2500,450,1550,450,1550,450,1500,450,1500,500,1500,450,1550,450,1550,450,2500,450,1550,450,4000,450 
19716,2950,3000,450,1500,500,1500,450,1550,450,1500,500,1500,450,1500,500,2500,450,1500,500,1500,500,1500,450,1500,500,1500,500,1500,450,1500,500,2500,450,1500,500,4000,500,
16384,2900,3050,450,1500,500,1500,450,1500,500,1500,500,1500,450,1500,500,2500,450,1500,500,1500,500,1500,450,1500,500,1500,500,1500,450,2500,500,1500,450,1500,500,4000,500,
25816,2900,3000,450,1550,450,1550,450,1500,500,1500,500,1450,500,1500,500,2500,450,1500,500,1500,450,1500,500,1500,500,1500,450,1500,450,2550,450,1500,500,2500,450,4050,450,
2424,2950,3000,450,1550,400,1550,450,1550,450,1500,500,1500,450,1550,450,2500,450,1550,450,1500,500,1500,450,1550,450,1500,500,1500,450,2500,500,2500,450,1500,500,4000,500,
3412,2900,3050,400,1550,450,1550,450,1500,450,1550,450,1550,450,1500,450,2550,450,1500,450,1550,450,1550,450,1500,450,1550,450,1550,400,2550,450,2500,450,2550,450,4050,400,
7412,2950,2950,500,1500,500,1500,450,1500,500,1500,500,1500,450,1500,500,2450,500,1500,500,1500,500,1500,450,1500,500,1500,450,2500,500,1500,450,1500,500,1500,500,4000,450,
18186,2900,3000,500,1500,450,1500,500,1500,500,1500,450,1500,500,1500,500,2450,500,1500,500,1500,450,1500,500,1500,450,1500,500,2500,500,1500,450,1500,500,2500,500,3950,500,
20388,2900,3050,450,1500,450,1550,450,1550,450,1500,450,1550,450,1550,400,2550,450,1550,400,1550,450,1550,450,1550,400,1550,450,1550,450,1500,450,1550,450,1550,450,4000,450 
10702,2900,3050,450,1500,450,1550,450,1550,400,1550,450,1550,450,1500,450,2550,450,1550,400,1550,450,1550,450,1500,450,2550,450,1500,450,2550,450,1550,400,2550,450,4050,450,
1930,2900,3000,450,1550,450,1500,450,1550,450,1550,450,1500,450,1550,450,2500,450,1550,450,1550,450,1500,500,1500,450,2500,450,1550,500,1500,450,1500,500,2500,500,3950,500,
4028,2900,3000,500,1500,450,1500,500,1500,500,1500,450,1500,500,1500,500,2450,500,1500,500,1500,450,1500,500,1500,500,2450,500,1500,500,1500,450,1500,500,1500,500,4000,450,
13858,2900,3050,450,1500,450,1550,450,1550,450,1500,450,1550,450,1500,500,2500,450,1550,450,1500,450,1550,450,1500,450,2550,450,1550,400,1550,450,2550,450,2500,500,4000,450,
22144,2950,3000,450,1500,500,1500,500,1500,450,1500,500,1500,500,1500,450,2500,500,1500,450,1500,500,1500,500,1500,450,2500,500,1500,450,1500,500,2500,450,1500,550,3950,500
